31507at5794	0	10.0	100.0
28230at5794	0	13.5	135.0
7091at5794	0	120.0997779916965	471
20436at5794	0	20.9	209.0
14987at5794	0	55.88288044231983	327
5510at5794	0	117.36580655804146	437
11205at5794	0	47.07794697559426	345
13789at5794	0	58.17375897604705	304
6024at5794	0	119.98993170431942	737
10985at5794	0	39.289542819461424	333
15596at5794	0	31.030005427044536	299
5869at5794	0	87.86316902199826	490
27281at5794	0	29.0906939865899	202
29437at5794	0	11.1	111.0
14640at5794	0	59.35030904446471	258
25523at5794	0	12.5	125.0
11713at5794	0	39.659435539174304	390
25853at5794	0	15.057966228504283	144
1612at5794	0	114.20224921379699	946
7668at5794	0	81.25651615592369	452
18209at5794	0	49.504354580672796	332
18428at5794	0	31.61621169003268	215
4564at5794	0	90.6288064112286	607
22217at5794	0	19.44380836151754	162
22305at5794	0	48.97246971867876	221
8041at5794	0	64.66001991155193	424
30196at5794	0	11.1	111.0
9293at5794	0	40.9	409.0
6796at5794	0	122.60346232614711	430
20882at5794	0	28.548054724821945	187
8813at5794	0	32.8	328.0
5067at5794	0	48.19511625433879	442
7485at5794	0	57.439314260313346	519
10854at5794	0	76.09396020803388	470
16032at5794	0	28.8	288.0
29816at5794	0	11.1	111.0
25046at5794	0	14.8	148.0
3686at5794	0	127.42218271752198	782
30326at5794	0	18.097028733457652	128
19225at5794	0	25.103800196657982	223
31642at5794	0	8.0	80.0
30068at5794	0	11.3	113.0
13336at5794	0	25.8	258.0
12942at5794	0	26.8	268.0
8677at5794	0	76.34319312980628	412
11034at5794	0	64.60093485634496	302
27650at5794	0	13.2	132.0
22257at5794	0	22.637570714260338	164
13194at5794	0	42.146551757382326	290
27590at5794	0	12.378326259753692	113
26750at5794	0	21.083723072128464	142
17863at5794	0	30.80944205040094	219
25055at5794	0	20.77482941963582	149
34570at5794	0	11.457070122082387	63
24264at5794	0	13.5	135.0
16539at5794	0	39.44464605039341	242
11718at5794	0	46.057645040391144	352
15299at5794	0	59.996489967717736	318
12818at5794	0	34.4	344.0
31115at5794	0	7.2	72.0
4144at5794	0	154.57669118417178	754
9588at5794	0	42.495502763257676	315
29301at5794	0	9.3	93.0
20427at5794	0	24.0224097565197	178
3349at5794	0	88.38680988769981	640
1911at5794	0	215.21681979995853	954
21312at5794	0	29.427820147599377	188
23514at5794	0	27.67696125656072	166
14957at5794	0	47.046749959477786	306
7447at5794	0	81.1154007281855	368
18531at5794	0	20.610616470940823	183
28621at5794	0	11.280631766936837	98
11057at5794	0	61.1004456267081	365
3558at5794	0	69.81888761799922	621
15126at5794	0	53.28304567364207	296
22915at5794	0	29.354581049155318	210
17044at5794	0	22.577720641990304	179
27384at5794	0	12.975830298894223	122
29541at5794	0	12.133154386809297	99
9462at5794	0	36.40869320885426	215
21158at5794	0	16.77152389037568	159
26277at5794	0	13.3	133.0
19810at5794	0	21.5	215.0
15424at5794	0	49.948572972056446	252
10838at5794	0	56.059626734602205	285
330at5794	0	314.9667616716247	1852
33614at5794	0	9.9	99.0
24395at5794	0	13.8	138.0
8420at5794	0	47.1	471.0
21882at5794	0	17.809078171149746	162
17497at5794	0	24.4	244.0
15774at5794	0	65.80414229581665	294
21541at5794	0	24.2	242.0
20052at5794	0	22.516896150333377	204
3366at5794	0	121.176277365161	684
10935at5794	0	60.948337542302475	415
27388at5794	0	12.9	129.0
15916at5794	0	68.30063301747822	291
5696at5794	0	102.0763299832882	453
23425at5794	0	20.50230449963902	135
7863at5794	0	75.64447028272286	399
12644at5794	0	69.36571228507876	281
2587at5794	0	106.84175213838455	699
14082at5794	0	42.5	425.0
8389at5794	0	111.00331378473146	407
11241at5794	0	62.328795992457415	425
23187at5794	0	16.8	168.0
5445at5794	0	92.78896178194596	498
6605at5794	0	66.7085106948819	540
21423at5794	0	43.765964034202845	303
24759at5794	0	17.1	171.0
7233at5794	0	102.09198082621185	404
26459at5794	0	65.34079290678278	280
18484at5794	0	35.6	356.0
13345at5794	0	74.98322430599761	314
13036at5794	0	33.3	333.0
1988at5794	0	169.23470918358572	788
6367at5794	0	107.73938997637897	466
6474at5794	0	108.30836078514515	471
2962at5794	0	191.85103701911797	636
21482at5794	0	12.9	129.0
8903at5794	0	39.2	392.0
1619at5794	0	117.5234071277762	1022
23142at5794	0	15.974016955264409	143
2737at5794	0	157.5731935347974	654
30292at5794	0	8.1	81.0
26161at5794	0	41.76275647097901	198
22800at5794	0	29.536055630400476	263
22905at5794	0	18.8	188.0
28815at5794	0	12.5	125.0
8643at5794	0	51.0	510.0
7349at5794	0	66.1182652525004	539
8690at5794	0	42.585046811073326	323
14479at5794	0	42.42844636826206	249
7555at5794	0	59.12536212536466	410
22891at5794	0	99.27054460231909	502
11346at5794	0	62.264850439710564	370
19469at5794	0	33.992272071634815	202
9069at5794	0	68.85332144649114	440
31454at5794	0	31.07209540926025	284
4695at5794	0	68.3	683.0
1166at5794	0	171.44729055825812	956
19039at5794	0	26.291458390772572	197
6307at5794	0	247.35380831042644	754
13102at5794	0	39.8442859034436	331
20348at5794	0	18.3	183.0
31823at5794	0	7.0	70.0
19406at5794	0	19.2	192.0
21092at5794	0	28.100757089794005	232
27931at5794	0	11.5	115.0
26779at5794	0	11.6	116.0
9406at5794	0	76.9615386499812	396
4856at5794	0	109.17160918284719	527
18683at5794	0	26.8	268.0
22116at5794	0	30.547715068849286	183
13855at5794	0	42.15634560301534	254
21375at5794	0	82.20410801088003	429
3823at5794	0	111.19850975363191	682
15302at5794	0	34.7	347.0
18706at5794	0	19.1	191.0
20090at5794	0	20.8	208.0
28413at5794	0	11.5	115.0
31317at5794	0	10.7	107.0
18071at5794	0	46.754484607227695	241
23426at5794	0	14.835430074191038	146
11259at5794	0	38.099394492139034	261
5247at5794	0	99.2502389371331	556
2648at5794	0	83.2	832.0
8944at5794	0	35.83192299291375	326
22835at5794	0	19.3	193.0
25789at5794	0	15.5	155.0
13776at5794	0	60.64394267200501	323
18101at5794	0	34.70787410405159	207
4227at5794	0	120.22731580661421	473
17961at5794	0	25.6	256.0
20986at5794	0	28.52744120948783	154
3730at5794	0	68.13883082323505	536
10788at5794	0	58.98980871859158	352
16146at5794	0	48.98690622127586	303
21351at5794	0	23.987132706119606	195
11832at5794	0	55.16966344564631	300
1870at5794	0	90.2	902.0
14975at5794	0	27.4	274.0
10652at5794	0	85.34034744457503	454
2676at5794	0	204.9933040784043	818
5881at5794	0	142.8653211944732	508
15540at5794	0	29.9	299.0
25569at5794	0	14.4	144.0
6081at5794	0	59.4	594.0
13817at5794	0	49.091455676198514	291
3102at5794	0	120.82566966079514	737
21717at5794	0	46.697256080954006	221
15503at5794	0	24.4	244.0
25958at5794	0	30.98470381895395	184
18098at5794	0	27.73748999213573	196
8055at5794	0	41.1	411.0
24024at5794	0	33.76343270100216	156
18011at5794	0	21.8	218.0
2619at5794	0	153.37976960958767	748
15350at5794	0	49.17482349034028	307
16039at5794	0	45.991661704041356	337
9789at5794	0	67.79243407377447	370
10141at5794	0	73.30089437475345	318
8695at5794	0	75.41430800557254	387
4967at5794	0	109.15899200061897	424
29094at5794	0	12.3	123.0
19474at5794	0	31.9758109934335	199
6333at5794	0	90.9394242551669	621
4152at5794	0	133.21060724414156	712
3154at5794	0	108.287924118084	884
4430at5794	0	132.38369214086606	659
21956at5794	0	16.2	162.0
17218at5794	0	46.97424754025113	236
25322at5794	0	28.6	286.0
15514at5794	0	48.17151358391502	242
26922at5794	0	14.8	148.0
25201at5794	0	14.7	147.0
15286at5794	0	31.184618679356507	249
26893at5794	0	13.1	131.0
2374at5794	0	123.68463682994384	779
16650at5794	0	23.145919711490837	218
5412at5794	0	86.44946169206412	545
28469at5794	0	26.272478704052688	209
25017at5794	0	14.4	144.0
11621at5794	0	34.96307576096054	316
22709at5794	0	18.5	185.0
6336at5794	0	53.4	534.0
8725at5794	0	52.839762784262525	331
14227at5794	0	30.810978572264652	267
27184at5794	0	33.21239751081348	220
26001at5794	0	14.5	145.0
11176at5794	0	32.5	325.0
25452at5794	0	15.4	154.0
15855at5794	0	34.6839348998359	249
15805at5794	0	67.64402623819997	422
24788at5794	0	16.5	165.0
22988at5794	0	21.7	217.0
18711at5794	0	29.743316789104426	210
7566at5794	0	37.2	372.0
27009at5794	0	20.80284671319166	144
3296at5794	0	72.8	728.0
9319at5794	0	51.200677992070204	301
27818at5794	0	13.100312869504743	112
14048at5794	0	63.51673722029302	338
21124at5794	0	17.1	171.0
8735at5794	0	80.24679128359101	341
25455at5794	0	13.5	135.0
9322at5794	0	47.5	475.0
10856at5794	0	58.98255935183135	421
24268at5794	0	18.889803086148998	179
24670at5794	0	38.1368962704473	203
3002at5794	0	149.25178835287238	611
22083at5794	0	19.71600325405039	162
18489at5794	0	54.03636629565608	229
22440at5794	0	19.5	195.0
27360at5794	0	22.286154891527843	141
7687at5794	0	41.5	415.0
9529at5794	0	130.1792292420941	411
30973at5794	0	50.128372619671175	212
4086at5794	0	104.75984007666413	792
4162at5794	0	78.5	785.0
32865at5794	0	13.12595825613673	111
8020at5794	0	92.9196743556118	420
13893at5794	0	40.994758153676564	290
6891at5794	0	88.6063369983176	474
9332at5794	0	51.62982049920254	409
26382at5794	0	32.80811712091396	311
4370at5794	0	134.84007062275862	698
1595at5794	0	168.48902086138895	764
9361at5794	0	99.99233791568219	471
25213at5794	0	18.5	185.0
21963at5794	0	16.5	165.0
13556at5794	0	31.2	312.0
29354at5794	0	12.646444125508475	95
5504at5794	0	148.73510866308467	670
11612at5794	0	63.07543844590609	390
25788at5794	0	16.2	162.0
11783at5794	0	49.01759851028536	339
26139at5794	0	23.492092954280363	128
11231at5794	0	44.68125390311478	408
10029at5794	0	82.66675067200032	577
16994at5794	0	53.21293766269513	350
28878at5794	0	12.0	120.0
25859at5794	0	15.1	151.0
29618at5794	0	11.2	112.0
24506at5794	0	17.5	175.0
12440at5794	0	71.2501342641055	354
12743at5794	0	29.507805954440226	282
18566at5794	0	27.200187427266588	225
725at5794	0	346.37711251235726	1316
14024at5794	0	29.86283574562354	271
20051at5794	0	19.557347477312227	172
10909at5794	0	120.77373731876763	474
19128at5794	0	29.27341495502791	174
19183at5794	0	21.8	218.0
4526at5794	0	67.63388208607563	564
11582at5794	0	32.9	329.0
12797at5794	0	47.37773945724333	218
27293at5794	0	12.4	124.0
10090at5794	0	45.78818685154933	364
16057at5794	0	25.8	258.0
3274at5794	0	110.71971324909032	686
21522at5794	0	18.2	182.0
12351at5794	0	33.5	335.0
29462at5794	0	84.19895206837057	406
28591at5794	0	14.6	146.0
17999at5794	0	40.931149194213624	279
3933at5794	0	149.1263395861745	687
9037at5794	0	77.04819853805269	441
30416at5794	0	14.1	141.0
13883at5794	0	60.18544431497244	277
4291at5794	0	69.93704344086093	468
12388at5794	0	37.0	370.0
15993at5794	0	32.47961035253474	248
12211at5794	0	68.7208333853459	274
30944at5794	0	13.821072346830636	132
22904at5794	0	15.6	156.0
28228at5794	0	12.8	128.0
6176at5794	0	55.20177080176499	447
29664at5794	0	24.340187507313015	113
7831at5794	0	67.92711987073525	406
26300at5794	0	16.6	166.0
19467at5794	0	21.2	212.0
12505at5794	0	59.44080797812229	304
17412at5794	0	30.9	309.0
24161at5794	0	16.4	164.0
32168at5794	0	7.3	73.0
6083at5794	0	97.55388656693142	439
23183at5794	0	15.4	154.0
9164at5794	0	51.84163435685981	286
26665at5794	0	15.776453042057181	134
11711at5794	0	63.51946234447298	343
24890at5794	0	16.208904718165087	125
30772at5794	0	8.5	85.0
11123at5794	0	42.969238324374224	320
22820at5794	0	14.0	140.0
16820at5794	0	73.33124911339586	277
16452at5794	0	61.657351218455844	382
3388at5794	0	126.28358161861478	567
23355at5794	0	21.259745481520753	207
13940at5794	0	44.20955751352392	245
2816at5794	0	79.9	799.0
2387at5794	0	217.78046248291702	835
20983at5794	0	13.3	133.0
1204at5794	0	158.2715121333442	1127
3187at5794	0	105.2003045261666	626
18255at5794	0	37.43447085031572	184
4246at5794	0	63.186788144978784	599
1482at5794	0	130.4478636769533	806
32542at5794	0	5.8	58.0
19103at5794	0	26.544538967923476	247
22346at5794	0	15.5	155.0
20369at5794	0	33.08127608309452	207
29314at5794	0	10.9	109.0
3522at5794	0	87.59745273402758	589
9369at5794	0	88.14995799397538	368
2281at5794	0	131.18091939324918	517
25724at5794	0	37.01208957943721	231
9725at5794	0	77.65677756668	368
27960at5794	0	11.1	111.0
26728at5794	0	15.152007567755943	140
18971at5794	0	27.5	275.0
14575at5794	0	63.661800932420874	276
30605at5794	0	8.5	85.0
29369at5794	0	13.0	130.0
23873at5794	0	24.58263863886421	147
19790at5794	0	20.8	208.0
14505at5794	0	30.3	303.0
8866at5794	0	66.08297147901912	362
27413at5794	0	12.9	129.0
11493at5794	0	102.98822319880588	406
31238at5794	0	10.764188548239055	84
13632at5794	0	29.1	291.0
13724at5794	0	43.70648087627549	224
11284at5794	0	36.0	360.0
6285at5794	0	105.63831746883827	588
9847at5794	0	35.4	354.0
23515at5794	0	48.16374776363916	231
25750at5794	0	13.0	130.0
12016at5794	0	26.1	261.0
27220at5794	0	36.55733074736925	338
2321at5794	0	102.7602607604396	818
820at5794	0	205.20053510613255	1123
22689at5794	0	17.9	179.0
9808at5794	0	36.42639754788278	327
1928at5794	0	94.0	940.0
23091at5794	0	36.8756681561268	246
22202at5794	0	18.4	184.0
6993at5794	0	87.5384509353282	399
4642at5794	0	147.765249070896	568
12125at5794	0	51.01596059366243	229
14681at5794	0	29.55816817941276	253
26364at5794	0	19.5	195.0
11003at5794	0	35.3	353.0
9982at5794	0	51.22279655463794	379
11405at5794	0	59.69756060458723	280
12071at5794	0	45.45605076357171	378
27160at5794	0	14.0	140.0
7633at5794	0	55.3427317647374	380
21843at5794	0	15.7	157.0
32173at5794	0	9.1	91.0
32138at5794	0	25.781191037668425	183
4846at5794	0	118.50371145930252	798
6554at5794	0	74.81736717749796	381
9601at5794	0	45.54470066509056	317
3446at5794	0	136.8222072639546	662
14124at5794	0	41.22564402759763	354
7857at5794	0	188.69133641321673	607
24023at5794	0	15.70278001345079	138
17380at5794	0	39.16806279173305	263
32130at5794	0	14.009621820238378	130
14874at5794	0	44.323941213591134	286
7036at5794	0	37.752254295637975	294
615at5794	0	134.6	1346.0
6785at5794	0	48.89879235503238	470
10293at5794	0	56.78688228807776	407
24078at5794	0	17.6	176.0
2838at5794	0	143.6439080749477	598
10373at5794	0	34.4	344.0
23475at5794	0	18.439631232755172	160
4404at5794	0	55.62685152659375	481
19637at5794	0	23.7	237.0
3086at5794	0	129.59866557047206	781
7423at5794	0	92.10040134181583	423
17200at5794	0	82.9534092099144	335
274at5794	0	195.1	1951.0
29908at5794	0	10.859061547255124	97
11677at5794	0	136.18270820879926	635
29885at5794	0	11.0	110.0
24900at5794	0	18.5	185.0
27114at5794	0	12.3	123.0
24292at5794	0	13.9	139.0
7295at5794	0	46.8	468.0
31976at5794	0	7.6	76.0
26366at5794	0	22.586003104398177	173
32593at5794	0	5.2	52.0
25624at5794	0	15.7	157.0
31937at5794	0	7.0	70.0
7815at5794	0	49.6	496.0
2708at5794	0	117.48868812245158	702
23020at5794	0	15.6	156.0
22503at5794	0	40.95156422219911	214
28533at5794	0	16.56799225455332	129
27522at5794	0	12.9	129.0
7157at5794	0	102.0229746034626	517
29916at5794	0	10.2	102.0
